for testing :
python test.py --cfg cfg/yolov4/yolov4-voc.cfg --data data/voc.data --weights weights/1-sparse-train/img-416-batch-size16/iou-0.2/epoch300/last.pt --img-size 416

               Class    Images   Targets         P         R   mAP@0.5        F1: 100%|███████████████████████████████████████████████████████████████████████████████████████████████████████████████| 619/619 [02:02<00:00,  5.07it/s]
                 all  4.95e+03   1.2e+04     0.695     0.835     0.808     0.757
           aeroplane  4.95e+03       285     0.819      0.87     0.883     0.844
             bicycle  4.95e+03       337     0.795     0.886     0.892     0.838
                bird  4.95e+03       459     0.784      0.79     0.807     0.787
                boat  4.95e+03       263     0.553     0.749     0.689     0.636
              bottle  4.95e+03       469     0.601     0.777     0.729     0.678
                 bus  4.95e+03       213     0.757     0.865     0.895     0.807
                 car  4.95e+03   1.2e+03     0.744     0.929     0.917     0.827
                 cat  4.95e+03       358     0.818     0.891     0.877     0.853
               chair  4.95e+03       756      0.49     0.721     0.634     0.583
                 cow  4.95e+03       244     0.718     0.848     0.833     0.778
         diningtable  4.95e+03       206     0.585     0.762     0.678     0.662
                 dog  4.95e+03       489     0.725     0.892     0.844       0.8
               horse  4.95e+03       348     0.772     0.897     0.891      0.83
           motorbike  4.95e+03       325     0.737     0.908     0.879     0.813
              person  4.95e+03  4.53e+03     0.745     0.888     0.885      0.81
         pottedplant  4.95e+03       480     0.507     0.617     0.552     0.556
               sheep  4.95e+03       242       0.7     0.851     0.845     0.768
                sofa  4.95e+03       239     0.591     0.795     0.734     0.678
               train  4.95e+03       282     0.793     0.909      0.88     0.847
           tvmonitor  4.95e+03       308     0.667     0.851     0.817     0.748
Speed: 19.3/2.3/21.6 ms inference/NMS/total per 416x416 image at batch-size 8


